,$m_X$ [GeV],Kappa_0
0,10.0,1.614263223113017e+27
1,10.353218432956622,1.8474566384414084e+27
2,10.718913192051275,2.1392521018059636e+27
3,11.097524964120721,2.514517065914489e+27
4,11.489510001873091,3.013939782128874e+27
5,11.895340673703195,3.7080478589686913e+27
6,12.315506032928255,4.727952656041151e+27
7,12.75051240713013,6.339111708360905e+27
8,13.200884008314182,9.136409861668188e+27
9,13.667163564620067,1.4590335974553109e+28
10,14.149912974345758,2.5987701363076045e+28
11,14.649713983072855,4.001516528394378e+28
12,15.167168884709225,4.286815936979048e+28
13,15.702901247293775,3.350939963379305e+28
14,16.257556664437942,2.001617344346784e+28
15,16.831803533309568,1.3521793815307489e+28
16,17.4263338600965,1.0975645177254511e+28
17,18.04186409392072,1.0364371192948992e+28
18,18.67913599020783,1.105666265499716e+28
19,19.33891750455231,1.3130348580581196e+28
20,20.022003718155844,1.740147114281101e+28
21,20.72921779595371,2.6187913005453056e+28
22,21.461411978584035,4.347681264095261e+28
23,22.21946860939524,5.880583219436944e+28
24,23.00430119772918,6.243485545537521e+28
25,23.81685551976158,5.773177185853375e+28
26,24.658110758226027,6.409467070027948e+28
27,25.529080682395165,8.217579120488723e+28
28,26.430814869741056,8.513100597464858e+28
29,27.364399970746707,6.947785104306732e+28
30,28.330961018393243,4.538882803419682e+28
31,29.331662783900438,3.2598864525685373e+28
32,30.367711180354576,2.6526155861967505e+28
33,31.440354715915,2.3232001877132408e+28
34,32.55088599835058,2.159210899416647e+28
35,33.700643292719285,2.2363907218967197e+28
36,34.891012134067736,2.6031721819692167e+28
37,36.123426997094306,3.2873082155196476e+28
38,37.39937302478798,3.843793795778092e+28
39,38.72038781812555,4.154302075671105e+28
40,40.08806328898464,4.364492582516273e+28
41,41.50404757850477,5.058606493482257e+28
42,42.970047043208396,6.4805746499391715e+28
43,44.487828311275855,8.967453901401118e+28
44,46.05922041145106,1.3365984037926771e+29
45,47.68611697714469,2.1388884700410616e+29
46,49.37047852839004,3.551825625855026e+29
47,51.11433483440165,4.951983109432544e+29
48,52.91978735958442,5.3257786497410626e+29
49,54.78901179593942,4.5896332441135584e+29
50,56.72426068491978,3.030447811748936e+29
51,58.72786613189483,1.8509554640551457e+29
52,60.80224261649421,1.169332994062698e+29
53,62.94988990221888,7.876118482461626e+28
54,65.17339604882423,5.6184284244758334e+28
55,67.47544053110693,4.19111750455483e+28
56,69.8587974678525,3.2363318304503478e+28
57,72.32633896483533,2.567843134411768e+28
58,74.88103857590023,2.0822202132610297e+28
59,77.5259748862946,1.7186190250244165e+28
60,80.26433522257175,1.4394598825285523e+28
61,83.09941949353396,1.2205559643153638e+28
62,86.034644166845,1.045785249550312e+28
63,89.0735463861044,9.040733802571469e+27
64,92.21978823334327,7.87612738138448e+27
65,95.47716114208056,6.907721530540295e+27
66,98.84959046625586,6.094081153256336e+27
67,102.34114021054528,5.404171367842992e+27
68,105.9560179277616,4.81437537083194e+27
69,109.69857978923841,4.306463932594367e+27
70,113.57333583431051,3.866184073784128e+27
71,117.58495540521558,3.4822608777434534e+27
72,121.7382727739662,3.145679954143592e+27
73,126.03829296797274,2.849163633673952e+27
74,130.49019780144016,2.5867834329785997e+27
75,135.09935211980266,2.353669918225983e+27
76,139.87131026472386,2.145792941923552e+27
77,144.8118227674533,1.9597930689381863e+27
78,149.92684327860457,1.7928515816836556e+27
79,155.2225357427048,1.6425887176664637e+27
80,160.70528182616385,1.5069838142800547e+27
81,166.38168860761274,1.384311762693681e+27
82,172.25859653987874,1.2730924724211732e+27
83,178.34308769319094,1.1720497874832103e+27
84,184.64249428955426,1.0800786833256436e+27
85,191.16440753857017,9.96218096606559e+26
86,197.91668678535575,9.19628964627152e+26
87,204.9074689815846,8.495759160137629e+26
88,212.14517849106298,7.854122046443142e+26
89,219.6385372416547,7.26567106621011e+26
90,227.39657523579274,6.725353576529793e+26
91,235.42864143224153,6.228683228542133e+26
92,243.74441501222216,5.7716652915758886e+26
93,252.3539170434766,5.3507329421017394e+26
94,261.26752255633266,4.962693842477641e+26
95,270.49597304631345,4.604682864434071e+26
96,280.0503894183631,4.274123829443597e+26
97,289.94228538828753,3.968694812058842e+26
98,300.1835813575589,3.686298651470885e+26
99,310.7866187782014,3.4250380398367504e+26
100,321.76417502507354,3.1831927100620394e+26
101,333.12947879346734,2.9592007079204304e+26
102,344.896226040576,2.7516413500793323e+26
103,357.07859649004627,2.559220385481108e+26
104,369.6912707195025,2.3807571035467188e+26
105,382.7494478516311,2.2151729160565513e+26
106,396.2688638701478,2.0614811856002355e+26
107,410.26581058271904,1.9187783246358e+26
108,424.75715525368986,1.7862358694616834e+26
109,439.7603609302721,1.6630933438427416e+26
110,455.29350748669475,1.5486520694201947e+26
111,471.3753134116724,1.4422694230475671e+26
112,488.02515836544336,1.3433538827549007e+26
113,505.26310653356796,1.251360482814882e+26
114,523.1099308056258,1.1657866988952374e+26
115,541.5871378079471,1.0861688910785551e+26
116,560.7169938205458,1.0120789293362563e+26
117,580.5225516094896,9.431211956398841e+25
118,601.0276782070382,8.789299507821745e+25
119,622.2570836730231,8.191668531728027e+25
120,644.236350872137,7.635187183473633e+25
121,666.9919663030122,7.116955014217143e+25
122,690.5513520162331,6.634284938130699e+25
123,714.9428986597577,6.184686175705066e+25
124,740.1959996915637,5.765848961202291e+25
125,766.3410868007454,5.3756304893281615e+25
126,793.4096665797492,5.012041964480814e+25
127,821.4343584919421,4.673237214426044e+25
128,850.4489341802678,4.357501860406849e+25
129,880.4883581643464,4.0632434176518085e+25
130,911.5888299750818,3.7889822041424325e+25
131,943.7878277775382,3.5333429256716126e+25
132,977.1241535346502,3.295046856503584e+25
133,1011.6379797662071,3.0729049281791194e+25
134,1047.3708979594498,2.865811221453865e+25
135,1084.3659686896099,2.6727369619272923e+25
136,1122.6677735108135,2.492724941615701e+25
137,1162.322468679852,2.324884369070003e+25
138,1203.3778407775892,2.168386122948737e+25
139,1245.883364295008,2.0224583536878696e+25
140,1289.8902612533082,1.886382420953145e+25
141,1335.4515629298987,1.7594891503981893e+25
142,1382.622173764655,1.6411553501505906e+25
143,1431.4589375234787,1.5308005765579698e+25
144,1482.0207057988587,1.4278841521950267e+25
145,1534.3684089300116,1.331902383207673e+25
146,1588.5651294280526,1.242385984175456e+25
147,1644.6761779946628,1.1588976855760438e+25
148,1702.7691722258996,1.0810300234700804e+25
149,1762.914118095948,1.008403271643781e+25
150,1825.1834943190424,9.406635343839821e+24
151,1889.6523396912096,8.774809609598141e+24
152,1956.3983435170628,8.185480965998747e+24
153,2025.5019392306665,7.635783376809488e+24
154,2097.0464013232327,7.123045134601293e+24
155,2171.117945694503,6.644775501408898e+24
156,2247.8058335487253,6.198652332860553e+24
157,2327.2024789604075,5.782510561642393e+24
158,2409.4035602395243,5.394331511224147e+24
159,2494.5081352303164,5.032232931963007e+24
160,2582.6187606826747,4.694459703230896e+24
161,2673.841615839947,4.3793751928466856e+24
162,2768.2866303920637,4.0854531855484873e+24
163,2866.0676169482504,3.8112703954969854e+24
164,2967.3024081888693,3.55549952426561e+24
165,3072.112998861756,3.3169027399705487e+24
166,3180.625692794119,3.0943256296351306e+24
167,3292.971255097148,2.886691546054461e+24
168,3409.285069746811,2.692996338337315e+24
169,3529.70730273065,2.512303447034452e+24
170,3654.3830709572544,2.3437393342193282e+24
171,3783.462617131929,2.1864892442901425e+24
172,3917.1014908092566,2.0397932329266764e+24
173,4055.4607358408275,1.9029424840521387e+24
174,4198.70708444391,1.7752758441348697e+24
175,4347.013158125022,1.656176606725601e+24
176,4500.557675700497,1.5450695244357146e+24
177,4659.525668664677,1.4414180198406985e+24
178,4824.108704165369,1.3447215707798864e+24
179,4994.50511585514,1.2545132846639166e+24
180,5170.920242896756,1.1703576394267964e+24
181,5353.566677410724,1.0918483731665108e+24
182,5542.664520663102,1.0186065119849559e+24
183,5738.441648302392,9.502785359435594e+23
184,5941.133984965034,8.865346659355338e+23
185,6150.985788580498,8.270672669595184e+23
186,6368.249944718586,7.715893590698111e+23
187,6593.188271333542,7.198332315113728e+23
188,6826.071834272386,6.715491471589081e+23
189,7067.181273927491,6.265041357860674e+23
190,7316.807143427192,5.8448086643105996e+23
191,7575.250258771913,5.452765955540666e+23
192,7842.822061337682,5.0870218588502215e+23
193,8119.844993184009,4.745811951209251e+23
194,8406.652885618325,4.4274902165870054e+23
195,8703.591361485156,4.130521108558175e+23
196,9011.018251665018,3.853472131118223e+23
197,9329.304026284686,3.595006915422063e+23
198,9658.832241158698,3.353878769042397e+23
199,10000.0,3.1289246525477645e+23
