,O16,Na,Mg,Al,Si,P,S,Ca,Cr,Fe,Ni
0,0.4149593564791672,0.000157654285147475,0.010467365776720205,0.0005863638655871298,0.005437926386980019,2.657277293529753e-05,0.0001842080800248641,0.00012375996225608547,2.04421426466505e-05,0.0012479958510689551,6.24101191729133e-05
1,1.6323017581068424,0.00029840748417835327,0.019033069968266245,0.0009738857510737314,0.00882461204462856,4.146361652094872e-05,0.0002784912611739761,0.0001722398971672825,2.669958089623521e-05,0.001608102706026677,7.972696631973408e-05
2,13.462726528694414,0.0006534524687383434,0.03935056124819779,0.0017762401664652547,0.015599891369357417,6.958210541665313e-05,0.00044847995780607013,0.00024966548777565335,3.578628040671332e-05,0.0021202699856689034,0.00010402811461167986
3,418.1564577631719,0.0017825230045359442,0.0982217645004833,0.003688234941842481,0.030997706080181653,0.00012868943885580364,0.0007846885377396604,0.0003809386575105278,4.950810999109129e-05,0.0028747655015253478,0.00013926306783159905
4,158.5547321066068,0.007030671989124865,0.33179448830171854,0.00926676187435971,0.07288856828628983,0.0002725194761435103,0.0015368581042333863,0.0006208470387697002,7.122945411690203e-05,0.004033909517913637,0.00019237422365489513
5,6.408989246595267,0.05833855431865566,1.972507470845945,0.031655045419423544,0.22284820560145055,0.0007053227708034316,0.0035365565864451088,0.0011038692394508898,0.00010765518281283299,0.005907631696707796,0.00027626156763550845
6,1.0337325515519804,1.7887814850933015,44.28243347194796,0.19256719913221426,1.0857992229887836,0.0025318093988627535,0.010432625632089174,0.0022112756278327627,0.00017330265189303054,0.00913240130251389,0.00041655113347675697
7,0.29985704423378573,0.6615150591421813,144.99946425105932,4.562530169973844,14.78788696225681,0.01695415716531571,0.0473714407891618,0.00526306229606842,0.0003030761781004565,0.015139006282665804,0.000668506738799933
8,0.11870655209003982,0.027017262215953308,5.359905344094267,13.28455130565263,130.02821084492345,0.4002904820674972,0.5318135968491904,0.016417902918866207,0.0005932176731848655,0.027538245476993944,0.0011643177983311544
9,0.056967843556986135,0.004377793495086667,0.613496938109649,0.4537171889918863,12.038030799428912,0.491419990246204,4.429260263831235,0.0832296369612511,0.00136391856476345,0.05695679411907261,0.0022659635946621626
10,0.031157313850704894,0.0012726896933955279,0.15204654811234666,0.05363301010808055,0.9686093231223553,0.020609565988451466,0.858759864890998,1.2597922875085763,0.004018703922092566,0.14219703324140298,0.005165984945820844
11,0.01872510808752101,0.0005044813826805202,0.05503911556105889,0.013481958774176381,0.20640838437452286,0.0028594860386109756,0.062350504502607706,9.653911698820538,0.018221374619127994,0.47995435025852556,0.015013015560146318
12,0.012078878120653551,0.00024230847988049537,0.024933527113994342,0.00491883376640802,0.06885190995245025,0.0007693089423332944,0.012554516153723914,0.6883723869147917,0.20536735254025085,2.832586853250658,0.06630460366757886
13,0.008229773670353236,0.00013260446327436847,0.013100159673771806,0.002239449425950302,0.029636075342781336,0.0002913395388904415,0.004059197962940109,0.05964170652012388,2.019516388374148,56.59781442235986,0.6993378019475602
14,0.00585478139026089,7.972856268312653e-05,0.007644687782211813,0.0011806690404272974,0.015036385784557092,0.00013580031725835036,0.001713399522340956,0.013131920772956092,0.34795579415554356,127.8909828919235,6.90478738570731
15,0.0043121456755585985,5.144727782042984e-05,0.004822294776704878,0.0006907154144075995,0.008555600429810586,7.276341183631208e-05,0.0008578038572637241,0.0044582315033610525,0.024575608545659416,7.254537057978118,1.5585578696814215
16,0.003266799001465518,3.506211277997031e-05,0.003228853350377151,0.0004365314195697416,0.0052952112541571755,4.3071226042697575e-05,0.00048339991298627005,0.001940109217617014,0.0049148686232336905,0.8616766165464496,0.10496598968240207
17,0.0025328846256868496,2.4948936664749745e-05,0.0022654709412959586,0.0002927175645229023,0.003493671936298904,2.746342283404998e-05,0.000297022177384874,0.000991719212941677,0.0015843252556158528,0.21581041824990913,0.020457076111876762
18,0.002001946114222072,1.8378433400698304e-05,0.001650027767183203,0.0002056198947034814,0.0024229029762088835,1.85427829309025e-05,0.00019487214738920036,0.0005673282752367609,0.0006676179058244044,0.0784922241143143,0.006503885805794337
19,0.0016079014900482475,1.3925082162779221e-05,0.0012386851058922535,0.00014990127572301682,0.0017482624118666465,1.3096518849984877e-05,0.00013454792904851498,0.00035255310473331867,0.0003338781218792356,0.0356525469993557,0.002717405002421341
