,O16,Na,Mg,Al,Si,P,S,Ca,Cr,Fe,Ni
0,4.1495935647916726e+41,1.5765428514747477e+38,1.0467365776720206e+40,5.863638655871293e+38,5.437926386980023e+39,2.6572772935297506e+37,1.842080800248643e+38,1.237599622560855e+38,2.0442142646650506e+37,1.247995851068955e+39,6.24101191729133e+37
1,5.858644397901256e+41,1.8700169666291953e+38,1.2289946727265154e+40,6.726498508597667e+38,6.20079540165294e+39,2.999328930395273e+37,2.062095200607657e+38,1.355534783369541e+38,2.201514147996345e+37,1.339172648039572e+39,6.681498973778417e+37
2,8.56116889417829e+41,2.238630110552408e+38,1.454910731141336e+40,7.764255813284887e+38,7.111135380770326e+39,3.4020865554848324e+37,2.3183531691601206e+38,1.4889382356047503e+38,2.3752902138034015e+37,1.4393729244435325e+39,7.163941471567849e+37
3,1.3039532276937018e+42,2.7071810706455774e+38,1.7379466472428817e+40,9.022455224904844e+38,8.205562858514469e+39,3.879387807506129e+37,2.6185264462577463e+38,1.6404249971955759e+38,2.567775392531101e+37,1.5497530404234307e+39,7.6935141551815e+37
4,2.089551223836021e+42,3.310648993828621e+38,2.0967132526596578e+40,1.0561275481182236e+39,9.531900418399385e+39,4.448951924587306e+37,2.9722830969246682e+38,1.8131532124709843e+38,2.7815747601899686e+37,1.6716519654719445e+39,8.276179179239686e+37
5,3.5684683946956164e+42,4.0992802942431206e+38,2.5573601000193664e+40,1.2461194784752685e+39,1.115329890463472e+40,5.13368279910266e+37,3.391907844779959e+38,2.010958143584908e+38,3.0197392851133646e+37,1.8066251190411893e+39,8.91882816676486e+37
6,6.613083182513245e+42,5.146727276930956e+38,3.157289342341704e+40,1.4831248927529223e+39,1.315415424227102e+40,5.963491734009119e+37,3.893151756723522e+38,2.238525222976579e+38,3.2858573997563905e+37,1.956486114819443e+39,9.629454436220227e+37
7,1.3650309675489065e+43,6.5634145730068125e+38,3.951065754465075e+40,1.7821285891794186e+39,1.5648728233136598e+40,6.977874665276396e+37,4.4964030428233705e+38,2.5016149420379207e+38,3.5841662860559705e+37,2.1233577678447668e+39,1.0417359718977493e+38
8,3.25721132849567e+43,8.519143530827986e+38,5.020061582296405e+40,2.1640476620574072e+39,1.8793925208334887e+40,8.229606547839436e+37,5.228326667945344e+38,2.8073570873414177e+38,3.9196918902434913e+37,2.309735657168142e+39,1.1293410083090253e+38
9,9.37064097602173e+43,1.1282601714207178e+39,6.488657036932134e+40,2.658585043551195e+39,2.2808574006390207e+40,9.790130376657225e+37,6.12418928436405e+38,3.1646397303709642e+38,4.298425366828237e+37,2.5185647617086642e+39,1.2270351762163566e+38
10,3.013544111803206e+44,1.5293046662904554e+39,8.552334162814703e+40,3.308727242089355e+39,2.8003115239214913e+40,1.1757534223082935e+38,7.231197221524902e+38,3.584626506304209e+38,4.727539782759452e+37,2.753335720757765e+39,1.3363198042521247e+38
11,4.197352912530669e+44,2.129603055473859e+39,1.1528200396632914e+41,4.178009926714113e+39,3.4826335005397473e+40,1.4268588979983898e+38,8.613376404585758e+38,4.081454848702546e+38,5.215673001304859e+37,3.018207372631824e+39,1.4589701198489382e+38
12,4.197352912530669e+44,3.061332812360724e+39,1.5949680905296895e+41,5.3625789592009205e+39,4.394074392558854e+40,1.751727712187955e+38,1.0358813087249109e+39,4.673183320427658e+38,5.773278398174456e+37,3.318154945567773e+39,1.5970959878545217e+38
13,4.120474277044921e+44,4.5711413557757394e+39,2.2752640600245274e+41,7.011836340989034e+39,5.634750516949012e+40,2.1783939528289614e+38,1.2590614496555837e+39,5.383095474405688e+38,6.413084803520384e+37,3.6591659294102386e+39,1.753215942810731e+38
14,1.5200205524196603e+44,7.148228320900574e+39,3.366200603664714e+41,9.365021991915395e+39,7.35998805094392e+40,2.7482263519729633e+38,1.5483819567842158e+39,6.241513969486629e+38,7.150682644665445e+37,4.048479906327069e+39,1.9303516858247507e+38
15,4.897122936949386e+43,1.1837148428338525e+40,5.2048786561263416e+41,1.2818626439564102e+40,9.818061347054854e+40,3.523709039082643e+38,1.929209790278035e+39,7.288358408853496e+38,8.005294059330557e+37,4.494906024742342e+39,2.1321482632500744e+38
16,1.9092835929621626e+43,2.1079961066272845e+40,8.498257023285487e+41,1.805633158669506e+40,1.3419562501534992e+41,4.6017242567541295e+38,2.439093260429518e+39,8.57680065342062e+38,9.000781960845628e+37,5.0092234325275606e+39,2.3630265452396515e+38
17,8.762663088954145e+42,4.1270264496381375e+40,1.4862771470668764e+42,2.6312853886504825e+40,1.8870720772018583e+41,6.137005297582708e+38,3.134943554068107e+39,1.0178570068959614e+39,1.0166987142946142e+38,5.604710947155426e+39,2.628380321115983e+38
18,4.541384662908559e+42,9.170237637680322e+40,2.841399037279291e+42,3.9943308003492346e+40,2.7443160026098123e+41,8.385182704917382e+38,4.1053455835581326e+39,1.219177712735086e+39,1.1541520486594781e+38,6.297836720513752e+39,2.934832194266439e+38
19,2.57846769475785e+42,2.4132982456711257e+41,6.114601551127443e+42,6.3743735921773e+40,4.15535492163793e+41,1.1785340861436275e+39,5.492410108340598e+39,1.4752664557894707e+39,1.317218056343343e+38,7.109172565334037e+39,3.290565991591347e+38
20,1.5705518791315952e+42,7.64602952264488e+41,1.542728989706157e+43,1.0829061052657209e+41,6.6100917447034204e+41,1.7126604790176714e+39,7.532106956005636e+39,1.8053597551310195e+39,1.5120263472927596e+38,8.06461850312297e+39,3.7057681778703135e+38
21,1.0112689777935092e+42,1.7917553934913512e+42,4.71568921099001e+43,1.9932236944085756e+41,1.1182594425530964e+42,2.5904745254955784e+39,1.0632133974170378e+40,2.2371212150722674e+39,1.746512705707786e+38,9.197050548327764e+39,4.193211813624294e+38
22,6.8107013723769704e+41,1.7917553934913512e+42,1.3666215234987476e+44,4.077090852963333e+41,2.046646893156353e+42,4.114046018451053e+39,1.5530238854542662e+40,2.8111510085433043e+39,2.031058297997732e+38,1.054857449947242e+40,4.76904236796404e+38
23,4.7600051019507524e+41,1.7917553934913512e+42,1.4499946425105933e+44,9.61046502199003e+41,4.15264893580837e+42,6.941829479391956e+39,2.3636152243970193e+40,3.5884042378789043e+39,2.3793960954865475e+38,1.2173627115065675e+40,5.4538433833947485e+38
24,3.431737368037894e+41,1.1101095177590417e+42,1.4499946425105933e+44,2.72476232619909e+42,9.669238999805253e+42,1.2649114123895587e+40,3.7824419962108185e+40,4.662759116291852e+39,2.809913383386394e+38,1.4143314866587201e+40,6.274097939458151e+38
25,2.540345148656194e+41,3.422699431308619e+41,1.1378743279875267e+44,8.81976079892844e+42,2.687810384115943e+43,2.5457203524569594e+40,6.443439332326481e+40,6.183028722695823e+39,3.347555708287365e+38,1.6551550926618101e+40,7.264218160703723e+38
26,1.9237342838687997e+41,1.2222834602768755e+41,3.592269404083169e+43,1.3284551305652622e+43,8.470317986621906e+43,5.827676246308833e+40,1.1884775489730535e+41,8.392991232773868e+39,4.026654049005861e+38,1.9523854811660066e+40,8.469393337537694e+38
27,1.4858821681721484e+41,5.238365502371366e+40,1.2269199814501777e+43,1.3284551305652622e+43,1.3002821084492348e+44,1.5518927536867705e+41,2.4297669494105463e+41,1.170738374550816e+40,4.895205333895851e+38,2.323019216516088e+40,9.949654609591775e+38
28,1.1677753395842982e+41,2.5803593910283693e+40,5.06433823313862e+42,1.3249301168806355e+43,1.3002821084492348e+44,4.246916714605822e+41,5.672045291869386e+41,1.6863504808237985e+40,6.0214810295069104e+38,2.790398738238906e+40,1.1785744771265197e+39
29,9.319652164244062e+40,1.4098630454978487e+40,2.4259412504582474e+42,5.257748384363135e+42,1.3002794679401146e+44,5.2972106964971016e+41,1.5358728529695674e+42,2.5241646837380824e+40,7.504466121671513e+38,3.387082807190085e+40,1.4087747287713624e+39
30,7.540096584305268e+40,8.335311090569866e+39,1.2980413052482339e+42,1.6743591427058788e+42,5.712039578042198e+43,5.2972106964971016e+41,3.9867977784215864e+42,3.9590159333101853e+40,9.490755362947442e+38,4.159266215923088e+40,1.700798900690057e+39
31,6.175531393450814e+40,5.241194522062094e+39,7.551650830550404e+41,6.438409751462387e+41,1.842566249928037e+43,5.297119257336104e+41,4.429260263831248e+42,6.580533160158365e+40,1.2202672353540447e+39,5.1737360697011e+40,2.076069268065755e+39
32,5.1140550793876755e+40,3.462341663888414e+39,4.688452745111014e+41,2.924045496210961e+41,7.07476130311061e+42,2.997523677152553e+41,4.429260263831248e+42,1.1775343817565032e+41,1.598651772246937e+39,6.529091492354887e+40,2.5652577442616268e+39
33,4.2775639212977414e+40,2.3814131246346205e+39,3.0655492303830017e+41,1.503655170494239e+41,3.202195290305984e+42,1.0588227567212527e+41,4.425716345444541e+42,2.3200735826188867e+41,2.139829906868169e+39,8.374334277272783e+40,3.2131574483068947e+39
34,3.6105558781417143e+40,1.693902260168495e+39,2.0907267549761498e+41,8.486883078901027e+40,1.6413913641457048e+42,4.2066051788700315e+40,2.2079363994956618e+42,5.1995507702916285e+41,2.936216838318885e+39,1.0940625427071231e+41,4.0866441658983367e+39
35,3.07293991112342e+40,1.2395716810964985e+39,1.4766279924513322e+41,5.145537774371821e+40,9.238882657704587e+41,1.9351734421097543e+40,7.877508807173638e+41,1.3836443128497784e+42,4.1476778013327915e+39,1.4597400882069476e+41,5.288061384842846e+39
36,2.6353237867852747e+40,9.294179935201114e+38,1.0740813568036507e+41,3.3009528506490494e+40,5.58865206016956e+41,1.0009564410731124e+40,3.203170214317897e+41,4.41596622114796e+42,6.063935886102441e+39,1.9955457984098174e+41,6.978458589254959e+39
37,2.2758638004883963e+40,7.116874299189098e+38,8.011711659445539e+40,2.216423776922166e+40,3.5783615636098985e+41,5.665781601541966e+39,1.5018698667328932e+41,9.65391169882053e+42,9.239688339586363e+39,2.8064859799393897e+41,9.41942645181594e+39
38,1.978121650397224e+40,5.5508029116304445e+38,6.107262511353197e+40,1.5451746367020022e+40,2.3988167011217395e+41,3.4401448529143635e+39,7.881816874436089e+40,9.65391169882053e+42,1.4808917748063898e+40,4.081475681440105e+41,1.3051577081934121e+40
39,1.7295839692810713e+40,4.400112585997531e+38,4.744566201406399e+40,1.1116372511357339e+40,1.6700342608687776e+41,2.2085395025126018e+39,4.511395467499783e+40,9.65391169882053e+42,2.5281347584427715e+40,6.179047549698151e+41,1.8648910474216877e+40
40,1.5206228594978787e+40,3.53854231464272e+38,3.747888836872586e+40,8.213982358729187e+39,1.200046238390971e+41,1.4834295418412248e+39,2.763295676446297e+40,5.60077497332759e+42,4.677833411878997e+40,9.824361179552531e+41,2.7639555367777543e+40
41,1.3437571451385455e+40,2.8825257888462915e+38,3.0046640889067526e+40,6.210468723088744e+39,8.858157256430749e+40,1.0342905314635263e+39,1.786508269555928e+40,1.7278073798720502e+42,9.611881136941385e+40,1.6601130179483518e+42,4.28163492101744e+40
42,1.193119799495275e+40,2.375445560660152e+38,2.4408106096530253e+40,4.790359334050393e+39,6.691509790322353e+40,7.440845967263393e+38,1.2068764615981864e+40,6.241314219630847e+41,2.2642758893025615e+41,3.0307407894210186e+42,7.003496059030992e+40
43,1.0640703704560108e+40,1.9781313272710566e+38,2.0063904682717297e+40,3.760263791023679e+39,5.157316591427362e+40,5.4976117735611256e+38,8.455067445896027e+39,2.699713134467709e+41,6.253872146145066e+41,6.115290585161878e+42,1.2265486931843512e+41
44,9.529088336455722e+39,1.6629678039258719e+38,1.667010727721707e+40,2.9977334356227754e+39,4.0454638133832046e+40,4.156104967628162e+38,6.107362322169365e+39,1.3390049770154478e+41,1.7195971846428008e+42,1.4049222841629804e+43,2.3446639381055802e+41
45,8.566627723395707e+39,1.4101515958033687e+38,1.3985234854965895e+40,2.4230041782356447e+39,3.2230697244258883e+40,3.205245523035055e+38,4.528030664498485e+39,7.35393782373609e+40,2.0195163883741458e+42,3.7588591110033763e+43,5.0222680434162124e+41
46,7.729274503561942e+39,1.205259442642219e+38,1.1836757758333204e+40,1.9827947139388987e+39,2.6036650473294347e+40,2.5155743383279254e+38,3.433392858803353e+39,4.365113043635196e+40,2.0195163883741458e+42,1.0307097437827156e+44,1.2421372019545529e+42
47,6.997445188432907e+39,1.0376366449880652e+38,1.0099443542702935e+40,1.6407075868916014e+39,2.1295442408267692e+40,2.0050967174623e+38,2.6548242389174336e+39,2.7534384067002513e+40,1.9925238378399577e+42,1.278909828919236e+44,3.4986548589377284e+42
48,6.355089380996047e+39,8.993097459898457e+37,8.681066556564824e+39,1.3713741709306865e+39,1.7613212201934808e+40,1.6203912287766771e+38,2.0884012623056726e+39,1.8235869137634894e+40,8.845891972598498e+41,1.278909828919236e+44,6.895162460212872e+42
49,5.788977046274628e+39,7.842399336699206e+37,7.512805480771582e+39,1.1567897902646302e+39,1.471565861492676e+40,1.3257699243187416e+38,1.6680223727330715e+39,1.256925360101595e+40,3.0775932135641295e+41,1.2787083231466328e+44,6.904787385707318e+42
50,5.28814055599747e+39,6.8780293463737e+37,6.542673072490535e+39,9.83964116783172e+38,1.2408240914116802e+40,1.0968527465791306e+38,1.3504589279645294e+39,8.95641191711e+39,1.2423732429302723e+41,6.99687428737773e+43,6.904787385707318e+42
51,4.8434389360361806e+39,6.064212678444259e+37,5.73095649669208e+39,8.433834265866934e+38,1.0550690836781003e+40,9.166476486884664e+37,1.1067358652291984e+39,6.56407814503312e+39,5.810134453877454e+40,2.4630160775450686e+43,6.039503155370619e+42
52,4.447217017417992e+39,5.37300904412038e+37,5.0470013037769623e+39,7.279841318875304e+38,9.040341594955082e+39,7.730953366378146e+37,9.16999938961017e+38,4.9280907400746005e+39,3.0461170022728045e+40,9.80181749131227e+42,2.28388641929593e+42
53,4.0930317016082725e+39,4.782403444432518e+37,4.466916509143774e+39,6.324553348775834e+38,7.801008875591242e+39,6.5749573398218935e+37,7.673770241759709e+38,3.777888824853244e+39,1.7428864957609596e+40,4.518047923403214e+42,8.449759967072404e+41
54,3.7754367511163426e+39,4.274904287805856e+37,3.971913552977401e+39,5.527574955883153e+38,6.775441598828147e+39,5.634777919381827e+37,6.4799653710322885e+38,2.949497298618374e+39,1.0674382773272025e+40,2.3408131427469507e+42,3.6325489395495475e+41
55,3.489808108954116e+39,3.836507913531596e+37,3.547092151668858e+39,4.857849286237472e+38,5.920114138399881e+39,4.863116401274038e+37,5.51721866307343e+38,2.3401227107707647e+39,6.90133344677431e+39,1.3267569145566264e+42,1.7822413998400703e+41
56,3.232202768289727e+39,3.455920240929605e+37,3.1805432917597536e+39,4.291261046185125e+38,5.201578152489746e+39,4.2244145736181976e+37,4.7331626643565935e+38,1.8833899319584388e+39,4.66261343331889e+39,8.064471026553053e+41,9.686117046826554e+40
57,2.99924638752347e+39,3.1239704774058288e+37,2.8626775695615314e+39,3.808910611742715e+38,4.5938718990625414e+39,3.6916284980755503e+37,4.088847485805793e+38,1.535305506406931e+39,3.266886440482903e+39,5.181866573864051e+41,5.696950079195401e+40
58,2.788040539992669e+39,2.8331645173399916e+37,2.5857201214063957e+39,3.395858800929995e+38,4.0766566863863693e+39,3.2439693709100256e+37,3.554942618299651e+38,1.266025048125906e+39,2.3600733318989195e+39,3.483088219562113e+41,3.565506638889413e+40
59,2.5960855648511505e+39,2.5773399954078065e+37,2.3433266756876843e+39,3.0402006294057872e+38,3.633861489608107e+39,2.8652963613887356e+37,3.1091049699534878e+38,1.0548773633446748e+39,1.749994643586652e+39,2.4299990594947605e+41,2.345709699925499e+40
60,2.421218857737892e+39,2.3514022081111875e+37,2.1302871568631664e+39,2.7323775023507086e+38,3.252683668169165e+39,2.542961407676624e+37,2.7341342899926056e+38,8.872740094636235e+38,1.327104564793088e+39,1.749090634312332e+41,1.607589419320514e+40
61,2.2615632334367705e+39,2.1511145850449386e+37,1.9422997194114742e+39,2.4646602473532365e+38,2.9228473876131027e+39,2.2669675018215718e+37,2.4166581520407732e+38,7.527435931140689e+38,1.0262884956568756e+39,1.292882425315407e+41,1.1398767854731295e+40
62,2.115484146183453e+39,1.972937058037843e+37,1.7757914685682583e+39,2.2307573540959023e+38,2.636045786187105e+39,2.0293491050553572e+37,2.1461845993891098e+38,6.436529916233695e+38,8.074152981281593e+38,9.777796980266708e+40,8.318301922301336e+39
63,1.981553956957333e+39,1.813896683836848e+37,1.627780107001716e+39,2.025514847501907e+38,2.3855191431282125e+39,1.8237117535703164e+37,1.914411125332577e+38,5.543590964854264e+38,6.449579195796427e+38,7.543355053925943e+40,6.221666056269874e+39
64,1.8585220551710874e+39,1.6714852689994222e+37,1.4957640140536416e+39,1.8446860255912217e+38,2.1657314437950403e+39,1.644884755587223e+37,1.7147149399959063e+38,4.806358243344301e+38,5.222212330232328e+38,5.922047835804119e+40,4.7537402362991265e+39
65,1.7452898238084885e+39,1.5435776864445591e+37,1.377634651674483e+39,1.684751962587898e+38,1.9721222717360336e+39,1.4886600823942786e+37,1.5417741420408444e+38,4.1928038140299216e+38,4.2801402886278785e+38,4.721577856772241e+40,3.700436168504164e+39
66,1.640889563870038e+39,1.4283651108042486e+37,1.2716072928952039e+39,1.542780847385792e+38,1.8009136808411023e+39,1.3515907360275827e+37,1.3912812131836356e+38,3.6783868743767484e+38,3.5466766461385245e+38,3.8165993963085026e+40,2.9281804822882353e+39
67,1.5444667535337988e+39,1.3243021454469028e+37,1.176164375150708e+39,1.4163183179548391e+38,1.6489588901256472e+39,1.2308368057764815e+37,1.25972714827969e+38,3.244111093995171e+38,2.968225381042525e+38,3.12334021210391e+40,2.3510910168787885e+39
68,1.45526476383607e+39,1.2300635758904033e+37,1.0900103757701433e+39,1.3032993383204386e+38,1.5136239546415542e+39,1.1240451356454595e+37,1.1442354549349046e+38,2.875132333687619e+38,2.5066533545054023e+38,2.5845498698183516e+40,1.9124648581899116e+39
69,1.372612200627255e+39,1.1445086220668883e+37,1.0120352831992702e+39,1.2019789099479281e+38,1.3926934229589765e+39,1.0292558115546229e+37,1.0424339356380415e+38,2.5597487648849475e+38,2.1343870212928512e+38,2.1603130798962644e+40,1.573970293535075e+39
70,1.2959117783349207e+39,1.0666516474676904e+37,9.412844546438037e+38,1.1108759742096355e+38,1.2842953945735262e+39,9.4482764533061e+36,9.523558291149674e+37,2.288658578964491e+38,1.831191660951537e+38,1.8222929294426538e+40,1.3091422366212539e+39
71,1.2246310186435283e+39,9.956384070241524e+36,8.76933660620852e+38,1.0287279601011493e+38,1.1868414320884099e+39,8.693805601070166e+36,8.723615588740844e+37,2.054411556989649e+38,1.582015955231898e+38,1.5500402389416166e+40,1.0993578653415131e+39
72,1.1582941180213703e+39,9.307261185332071e+36,8.182690857131278e+38,9.544546816656737e+37,1.098977771146144e+39,8.017479952778765e+36,8.010774316139302e+37,1.8509966183463383e+38,1.3755247457663556e+38,1.3285761504690079e+40,9.312857861250574e+38
73,1.0964750636118442e+39,8.712669187165169e+36,7.646704917341482e+38,8.871285580512468e+37,1.0195463449346227e+39,7.409399423754829e+36,7.373474562973038e+37,1.6735309029006052e+38,1.2030827400690207e+38,1.1467776692452673e+40,7.952318724413285e+38
74,1.0387916481000312e+39,8.166940231546121e+36,7.155972725797737e+38,8.259498554720979e+37,9.475527888899097e+38,6.861128486039044e+36,6.801938577450333e+37,1.5180227931724709e+38,1.0580417185952944e+38,9.96280933872822e+39,6.840458401440218e+38
75,9.84900266132598e+38,7.665101821281265e+36,6.705768018530387e+38,7.702268285873393e+37,8.821399844775518e+38,6.365449097178348e+36,6.2878642131241145e+37,1.3811889500649841e+38,9.352326565016164e+37,8.707234549741397e+39,5.923839597196779e+38
76,9.344914369708993e+38,7.202779028293517e+36,6.291946927026521e+38,7.1935917436913405e+37,8.225666679252277e+38,5.916161210914341e+36,5.824173056518961e+37,1.2603139656773015e+38,8.305996495973413e+37,7.652134174984576e+39,5.162044968921631e+38
77,8.872859211768117e+38,6.776113148393211e+36,5.9108658525175335e+38,6.728243041675057e+37,7.681896802787713e+38,5.507921116507085e+36,5.404805011052163e+37,1.1531391247295064e+38,7.40932996216292e+37,6.759520627581263e+39,4.524161798193592e+38
78,8.430312501908173e+38,6.381691674752685e+36,5.559312917747244e+38,6.301658822145869e+37,7.184492034188712e+38,5.136107554021209e+36,5.02455176230775e+37,1.0577765263318679e+38,6.636722203938671e+37,5.999621590229763e+39,3.986301297429414e+38
79,8.014988040063628e+38,6.016489377530333e+36,5.2344494193043375e+38,5.909842405764975e+37,6.728564076142963e+38,4.796711063881917e+36,4.678922467140947e+37,9.726402469537616e+37,5.967596119679814e+37,5.348901506465443e+39,3.529826922868143e+38
80,7.62481227505249e+38,5.677818098052243e+36,4.9337599918161326e+38,5.549283617779336e+37,6.30983237384565e+38,4.486241471376348e+36,4.364031582165317e+37,8.963919625246349e+37,5.385296275396953e+37,4.7886046338330015e+39,3.1400680667086602e+38
81,7.257901167637762e+38,5.363283624532147e+36,4.6550108873152106e+38,5.21689112611566e+37,5.924538007552146e+38,4.201649694776085e+36,4.0765063977272325e+37,8.278974488365102e+37,4.876253890491218e+37,4.30367249191314e+39,2.8053806967597214e+38
82,6.912540137191443e+38,5.0707488156006597e+36,4.396213513940615e+38,4.909935687044022e+37,5.569371038105332e+38,3.9402660043291345e+36,3.813409545496397e+37,7.66191060925711e+37,4.429345179103235e+37,3.8819269732601717e+39,2.5164498118706875e+38
83,6.5871665416317585e+38,4.7983018375846356e+36,4.155593759501138e+38,4.626001165849596e+37,5.241409468324402e+38,3.699746044488261e+36,3.5721738542748545e+37,7.104476143248608e+37,4.035396474111138e+37,3.513455950710679e+39,2.265769459639904e+38
84,6.280353983927377e+38,4.544229087966685e+36,3.9315652560256204e+38,4.362943955232927e+37,4.9380669350755556e+38,3.4780255911913966e+36,3.3505507105931904e+37,6.599593438971298e+37,3.6868013843257716e+37,3.190139138593441e+39,2.047250101500261e+38
85,5.990798505799814e+38,4.3069913990080974e+36,3.722706772141116e+38,4.1188574015266605e+37,4.657048884247586e+38,3.273281992026927e+36,3.146564834766705e+37,6.141168399797275e+37,3.377218507605047e+37,2.9052855457344625e+39,1.8559180782265274e+38
86,5.7173063294420716e+38,4.085203638722389e+36,3.5277423434943495e+38,3.892042000975898e+37,4.396314720444014e+38,3.08390213750497e+36,2.958476246810598e+37,5.723934794814665e+37,3.1013349023246165e+37,2.6533505762008288e+39,1.6876881478584212e+38
87,5.4587831668070364e+38,3.877617052775809e+36,3.345524189400573e+38,3.680979389261765e+37,4.154045679877174e+38,2.908454491407681e+36,2.784748050340951e+37,5.343327518738586e+37,2.854678949047834e+37,2.429715619800165e+39,1.5391832213764831e+38
88,5.2142246857389034e+38,3.683103615667512e+36,3.175017932971184e+38,3.4843102825144693e+37,3.928617024789374e+38,2.745666118906461e+36,2.6240195821778537e+37,4.995376417131227e+37,2.633468673179654e+37,2.230512919099055e+39,1.4075986018900092e+38
89,4.982707782416502e+38,3.500642579446706e+36,3.0152896650623822e+38,3.3008153602044374e+37,3.718574428359637e+38,2.5944022896693225e+36,2.4750829043755234e+37,4.67661806798829e+37,2.4344926156900706e+37,2.0524897054592083e+39,1.2905908845423269e+38
90,4.763382714313176e+38,3.3293087740530164e+36,2.8654945653280258e+38,3.1293986025244854e+37,3.522613368148359e+38,2.453649304689351e+36,2.336863589465616e+37,4.384021956517046e+37,2.255012355647599e+37,1.8928962582802388e+39,1.1861939475368862e+38
91,4.555466524403294e+38,3.1682623544433665e+36,2.72486721257666e+38,2.9690729756830596e+37,3.3395613771529963e+38,2.3224998939977552e+36,2.208403524678017e+37,4.1149289384659907e+37,2.0926834847624142e+37,1.7493988512102412e+39,1.092749822890887e+38
92,4.358236854312511e+38,3.016739465322837e+36,2.592713042285435e+38,2.818948018418416e+37,3.1683626670244436e+38,2.200140027790264e+36,2.088846586546227e+37,3.8669990663313507e+37,1.9454912339009294e+37,1.6200088010333347e+39,1.0088540126642877e+38
93,4.171026570269693e+38,2.874044454454122e+36,2.4684005749819975e+38,2.67821874709421e+37,3.008064764964274e+38,2.085838143920367e+36,1.977426270170579e+37,3.6381681992568903e+37,1.8116981626685531e+37,1.5030243382784215e+39,9.333122813060622e+37
94,3.993218707002553e+38,2.739542743253889e+36,2.3513548983272596e+38,2.54615630562585e+37,2.8578067952613474e+38,1.97893545642136e+36,1.8734546612470446e+37,3.4266105874239725e+37,1.6898009355056297e+37,1.3969836121707932e+39,8.651047277208604e+37
95,3.824242103868017e+38,2.612654640631432e+36,2.2410517634680484e+38,2.4220997028209724e+37,2.7168093315240262e+38,1.8788374641159953e+36,1.7763133730057987e+37,3.230707492478588e+37,1.5784945405529963e+37,1.3006265978997344e+39,8.033569469353319e+37
96,3.663567426731415e+38,2.4928497640186834e+36,2.1370124224417896e+38,2.3054484512064252e+37,2.5843655348955213e+38,1.7850070506166575e+36,1.685445368579642e+37,3.0490203114644535e+37,1.4766423908364985e+37,1.2128635462080493e+39,7.473164361956952e+37
97,3.510703609085812e+38,2.3796422078259763e+36,2.0387989978054918e+38,2.1956561211501856e+37,2.459833335556251e+38,1.6969578454384175e+36,1.6003478600775797e+37,2.880267601405164e+37,1.3832512406318026e+37,1.1327489143274386e+39,6.963335346834015e+37
98,3.3651945061012843e+38,2.2725862668948334e+36,1.946010447070597e+38,2.0922247686369158e+37,2.3426285172768755e+38,1.6142486767547275e+36,1.5205664786915e+37,2.7233053532480933e+37,1.297451022245515e+37,1.0594595673802412e+39,6.498454737249395e+37
99,3.226616032440488e+38,2.171272565581789e+36,1.8582790073106552e+38,1.994699910694049e+37,2.2322187245996106e+38,1.5364788046532993e+36,1.4456896743163746e+37,2.577110050063662e+37,1.218477380922009e+37,9.922763728471066e+38,6.073631565951741e+37
100,3.094573602191663e+38,2.0753245094464956e+36,1.7752670028144426e+38,1.902666125539084e+37,2.1281180992950273e+38,1.4632836360178546e+36,1.37534403751836e+37,2.4407641885911595e+37,1.145656983398964e+37,9.305696339477413e+38,5.684600167901045e+37
101,2.9686996204400794e+38,1.984395243219902e+36,1.6966639087187317e+38,1.8157431306962662e+37,2.029882590836378e+38,1.3943308850500917e+36,1.3091903447502677e+37,2.3134435666249805e+37,1.0783950927101578e+37,8.737863691529318e+38,5.327629417084443e+37
102,2.848651325436461e+38,1.8981649569334137e+36,1.6221837794908834e+38,1.7335823679805808e+37,1.937105734025517e+38,1.3293172843402586e+36,1.24691986700934e+37,2.194406385289571e+37,1.0161651253104685e+37,8.21439644287863e+38,4.999447594627621e+37
103,2.7341088635926224e+38,1.8163384126252382e+36,1.5515630460962828e+38,1.6558639624558515e+37,1.8494149899224376e+38,1.2679656968763241e+36,1.1882511862340053e+37,2.0829838150442683e+37,9.584996335659396e+36,7.730994922036121e+38,4.6971778179318e+37
104,2.6247734626648032e+38,1.7386427662521146e+36,1.484558445638625e+38,1.5822939448809272e+37,1.76646847475522e+38,1.2100224348446223e+36,1.1329274055109202e+37,1.9785716130217527e+37,9.049827982109255e+36,7.283853577080771e+38,4.4182831734729e+37
105,2.520365801053804e+38,1.6648255245692684e+36,1.4209452353641924e+38,1.5126017336456848e+37,1.6879520109362965e+38,1.1552549701220572e+36,1.0807137162081049e+37,1.88062295600893e+37,8.552438225560273e+36,6.86959508374325e+38,4.160520858593394e+37
106,2.4206244730749366e+38,1.594652808398707e+36,1.3605154841938169e+38,1.4465380317146137e+37,1.613576458781045e+38,1.1034498505369583e+36,1.0313951358022543e+37,1.7886421751884174e+37,8.089513657488767e+36,6.485216155171271e+38,3.9219032314006174e+37
107,2.3253046647452567e+38,1.5279077490188292e+36,1.303076638920146e+38,1.383872859557539e+37,1.543075428489612e+38,1.0544109052623074e+36,9.847745676084296e+36,1.7021792679482332e+37,7.658087546088922e+36,6.128039462664901e+38,3.7006644319537967e+37
108,2.234176924576009e+38,1.4643890151032825e+36,1.248450189869443e+38,1.3243938342705236e+37,1.476203203709712e+38,1.0079576545032314e+36,9.406710507109034e+36,1.6208249121728998e+37,7.255497450949929e+36,5.7956731610154935e+38,3.495232311741036e+37
109,2.147026051489027e+38,1.4039094927640939e+36,1.1964704657406872e+38,1.2679045664581111e+37,1.4127328652995592e+38,9.63923799955341e+35,8.98918250026337e+36,1.5442063012407526e+37,6.879349878018129e+36,5.485976416672911e+38,3.304203728509267e+37
110,2.0636500081932825e+38,1.3462951496086473e+36,1.1469835260868593e+38,1.2142232579515463e+37,1.352454596430248e+38,9.221559856569668e+35,8.593631078620149e+36,1.4719833277617617e+37,6.527488761159126e+36,5.197028355374052e+38,3.126324104472219e+37
111,1.983858984358502e+38,1.2913839577323891e+36,1.0998462164156475e+38,1.1631814377167463e+37,1.2951741673488013e+38,8.825125514880726e+35,8.218645704012182e+36,1.403845274400911e+37,6.197968118584578e+36,4.927102633735567e+38,2.9604690693264744e+37
112,1.9074745340364607e+38,1.2390248810066447e+36,1.054925294585027e+38,1.1146228273586482e+37,1.2407115994829082e+38,8.448625084111732e+35,7.862925415171651e+36,1.3395078301673315e+37,5.889029090126188e+36,4.674644583943489e+38,2.8056289525336587e+37
113,1.8343287471135247e+38,1.1890770392275967e+36,1.012096584552621e+38,1.0684022743003929e+37,1.1888999414341324e+38,8.09084574076728e+35,7.525268168795503e+36,1.278710506913279e+37,5.599078606457878e+36,4.438251217552239e+38,2.6608954437138065e+37
114,1.7642635297852245e+38,1.141408889983035e+36,9.712442785203155e+37,1.024384835553359e+37,1.1395841551073386e+38,7.750663707962298e+35,7.204562349757685e+36,1.2212143500219285e+37,5.32667131984801e+36,4.216654906220528e+38,2.525449643051777e+37
115,1.697129935074183e+38,1.0958975072854749e+36,9.322602697650898e+37,9.824449630857582e+36,1.0926201132292121e+38,7.427036362113791e+35,6.899778531037816e+36,1.166799864107192e+37,5.0704941073220144e+36,4.0087077491911735e+38,2.3985521374885695e+37
116,1.632787540194653e+38,1.0524279003704156e+36,8.950435519045149e+37,9.424657086068708e+36,1.0478737160009637e+38,7.118995939254906e+35,6.609962729056967e+36,1.115265111242846e+37,4.8293518617042085e+36,3.8133684906130246e+38,2.2795341206272645e+37
117,1.5711038466519508e+38,1.0108924114186096e+36,8.594996620922959e+37,9.043380287026141e+36,1.0052200595438714e+38,6.825642776604858e+35,6.334229752988105e+36,1.0664240913607352e+37,4.60215520929875e+36,3.629691285905264e+38,2.1677894434678594e+37
118,1.51195377397498e+38,9.711901717085175e+35,8.255401746393247e+37,8.679601759778937e+36,9.6454269144063e+37,6.546139483151798e+35,6.071757878127303e+36,1.0201052936055034e+37,4.3879096834869306e+36,3.4568155624622125e+38,2.0627677865044544e+37
119,1.455219156380181e+38,9.332266105311144e+35,7.930822555133636e+37,8.332371146498636e+36,9.257329478156447e+37,6.279706146305695e+35,5.821783030720486e+36,9.761503761740886e+36,4.1857062569523686e+36,3.2939569920944934e+38,1.9639689805158569e+37
120,1.4007882980380081e+38,8.969129805055927e+35,7.620482530533138e+37,8.000800027759176e+36,8.886893360584714e+37,6.025615749916749e+35,5.583593910892911e+36,9.34412995079134e+36,3.994712647097342e+36,3.1403997203441978e+38,1.8709374776380014e+37
121,1.3485555605879203e+38,8.621659303586808e+35,7.323653154237012e+37,7.684057019752475e+36,8.533169833945136e+37,5.78318968119791e+35,5.356528025858962e+36,8.947577145772309e+36,3.8141658209225595e+36,2.995489551577292e+38,1.7832578226756886e+37
122,1.2984209576350595e+38,8.289071246026297e+35,7.03965030223878e+37,7.381363551576408e+36,8.195271159997182e+37,5.5517940929435535e+35,5.139967667498829e+36,8.570590750526325e+36,3.6433652582652325e+36,2.858627626853109e+38,1.7005505757352693e+37
123,1.250289816730906e+38,7.970628825386607e+35,6.767831115832653e+37,7.091989944648053e+36,7.872366039645169e+37,5.33083648999723e+35,4.933336202360359e+36,8.212007352364915e+36,3.481667048520365e+36,2.7292650216537133e+38,1.6224686964013151e+37
124,1.2040724498345665e+38,7.665638480223969e+35,6.507591064024716e+37,6.815251883038016e+36,7.563675408350924e+37,5.119762570712562e+35,4.736094958019627e+36,7.870746806176443e+36,3.3284786072746923e+36,2.606897836595582e+38,1.5486943000376484e+37
125,1.1596838403140755e+38,7.373446991018975e+35,6.2583611755581175e+37,6.550506950729413e+36,7.268468616005222e+37,4.918053311474631e+35,4.547740368357318e+36,7.545805196588436e+36,3.183253837749282e+36,2.4910629600723873e+38,1.478935772358247e+37
126,1.1170433495538108e+38,7.093438691543397e+35,6.019605649043598e+37,6.297151640081377e+36,6.986059793487008e+37,4.7252223084988865e+35,4.367801260309177e+36,7.236248751366618e+36,3.045489013536359e+36,2.381334306823777e+38,1.412925261796135e+37
127,1.076074450325784e+38,6.825032898742358e+35,5.790819560911164e+37,6.054618608626739e+36,6.71580462107988e+37,4.5408132620006e+35,4.195836409039279e+36,6.941208042537998e+36,2.914718748395734e+36,2.277319264408901e+38,1.350416467832837e+37
128,1.0367044883472899e+38,6.567681530924207e+35,5.571526774983306e+37,5.82237404357366e+36,6.457097384447731e+37,4.364397872030544e+35,4.0314322515589596e+36,6.65987258380368e+36,2.790512652157745e+36,2.178655764680428e+38,1.2911826126175364e+37
129,9.988644455530067e+37,6.320867006705263e+35,5.361277931192391e+37,5.599915358516334e+36,6.209368224390481e+37,4.195573750774618e+35,3.874200786787773e+36,6.391486351955989e+36,2.6724721804573446e+36,2.0850093448831934e+38,1.235014646747092e+37
130,9.624887337436756e+37,6.08410017477918e+35,5.159648747241524e+37,5.386769073382409e+36,5.97208064253022e+37,4.0339625508051674e+35,3.723777775337517e+36,6.135343394514682e+36,2.5602279825919698e+36,1.9960707330255635e+38,1.1817196412062102e+37
131,9.275149896001874e+37,5.8569185676158465e+35,4.966238301069666e+37,5.182488824348416e+36,5.744729209359448e+37,3.8792084057313945e+35,3.57982097764601e+36,5.890783968514421e+36,2.4534373522735002e+36,1.9115535699564707e+38,1.1311192571655711e+37
132,8.938838910359033e+37,5.638884578876594e+35,4.780667581687993e+37,4.986653463233284e+36,5.526837435760752e+37,3.7309763082153324e+35,3.442008569683268e+36,5.657190880042227e+36,2.3517820973828495e+36,1.8311925157941015e+38,1.0830484955354748e+37
133,8.615389834341729e+37,5.4295839417074845e+35,4.60257802240458e+37,4.7988654324697064e+36,5.317955789916058e+37,3.588950599056927e+35,3.3100378350712723e+36,5.433986272531405e+36,2.2549663524236057e+36,1.7547413895585668e+38,1.0373545165756709e+37
134,8.30426514614505e+37,5.228624288737832e+35,4.431630205716514e+37,4.6187491755697285e+36,5.117659919110092e+37,3.452833644222891e+35,3.183623753840573e+36,5.220628704776791e+36,2.1627147175839294e+36,1.6819716778362647e+38,9.938956059034738e+36
135,8.004952841190757e+37,5.0356338038291285e+35,4.267502696175595e+37,4.445949707658672e+36,4.9255489838971e+37,3.3223446980793225e+35,3.062497747550666e+36,5.0166105225864133e+36,2.0747706709964212e+36,1.6126709408941728e+38,9.525402509965699e+36
136,7.716965026748776e+37,4.850259906727764e+35,4.1098909345906685e+37,4.280131317504848e+36,4.74124411595049e+37,3.1972187144908488e+35,2.946406542817714e+36,4.821455301994234e+36,1.9908950231670035e+36,1.5466414425059003e+38,9.131662997062179e+36
137,7.439836619040704e+37,4.672168072149873e+35,3.9585061577909504e+37,4.120976265526336e+36,4.564387020568613e+37,3.0772053647272763e+35,2.835111228795354e+36,4.6347155705736967e+36,1.9108645058937648e+36,1.483699017406171e+38,8.756601139619272e+36
138,7.173124145254512e+37,4.5010407667353745e+35,3.813074426612569e+37,3.9681837103105613e+36,4.394638608275945e+37,2.9620680586042486e+35,2.728386223871748e+36,4.4559707668108436e+36,1.8344705495188297e+36,1.4236719845113618e+38,8.399158745691864e+36
139,6.916404500456966e+37,4.336576427235858e+35,3.67333573559537e+37,3.8214686591278405e+36,4.231677823368204e+37,2.8515830250039778e+35,2.6260184679238246e+36,4.284825297628066e+36,1.761518170238412e+36,1.3664000928857523e+38,8.058350017035278e+36
140,6.669273870395647e+37,4.178488520857642e+35,3.5390431921417613e+37,3.6805609779832154e+36,4.0752005162433063e+37,2.7455385269317923e+35,2.5278065613743873e+36,4.120906776312029e+36,1.6918249143963905e+36,1.3117336600908053e+38,7.73325523994474e+36
141,6.431346756016345e+37,4.026504681971357e+35,3.409962227790156e+37,3.5452044533706985e+36,3.9249183921394377e+37,2.64373406867256e+35,2.4335600138476368e+36,3.9638644635309864e+36,1.6252199186162307e+36,1.2595327673706443e+38,7.42301570280844e+36
142,6.202254984223223e+37,3.880365864626385e+35,3.285869899406805e+37,3.4151559434006475e+36,3.780558029796914e+37,2.5459796745773953e+35,2.3430985565338594e+36,3.8133677713058814e+36,1.5615430308127632e+36,1.2096665115818425e+38,7.126828954828253e+36
143,5.981646849415152e+37,3.73982560453954e+35,3.1665541878142827e+37,3.290184619685188e+36,3.641859964880516e+37,2.4520952406555925e+35,2.2562514799247425e+36,3.6691048797138063e+36,1.5006440073287556e+36,1.162012318888941e+38,6.843944636735767e+36
144,5.769186212766727e+37,3.6046492832269895e+35,3.051813391338504e+37,3.170071214767671e+36,3.5085778716143067e+37,2.36190997881431e+35,2.1728570088419695e+36,3.5307814688100705e+36,1.4423818002513644e+36,1.1164553164083566e+38,6.573660401172003e+36
145,5.564551722779878e+37,3.474613461115955e+35,2.941455524353953e+37,3.054607363267577e+36,3.380477781202812e+37,2.275261821093857e+35,2.0927617748493017e+36,3.398119584326691e+36,1.386623883011234e+36,1.0728877407201185e+38,6.315318361347167e+36
146,5.367436072250285e+37,3.34950526159783e+35,2.835297766265301e+37,2.943594954210454e+36,3.2573373588916385e+37,2.1919968879707714e+35,2.0158203276844457e+36,3.2708565317246025e+36,1.3332456400426874e+36,1.0312084389060783e+38,6.068301595189465e+36
147,5.177545330960745e+37,3.2291217877921675e+35,2.7331659545286516e+37,2.8368455419547313e+36,3.138945216111399e+37,2.111969053166957e+35,1.9418946312467976e+36,3.1487439384969495e+36,1.282129842716854e+36,9.91322376801069e+37,5.832031232841128e+36
148,4.994598246579645e+37,3.113269601242851e+35,2.634894105630348e+37,2.734179796993228e+36,3.025100276159613e+37,2.0350394483697656e+35,1.8708536193210266e+36,3.0315467736619885e+36,1.2331661135814282e+36,9.531401973687497e+37,5.605963645152818e+36
149,4.818325602317846e+37,3.0017641996488996e+35,2.5403239836208793e+37,2.6354269799195022e+36,2.915611192613122e+37,1.961076036211754e+35,1.8025728225853916e+36,2.9190425368618725e+36,1.1862504456077695e+36,9.165778516077345e+37,5.389587884586231e+36
150,4.64846965941737e+37,2.894429510154713e+35,2.4493046815014323e+37,2.5404244611595305e+36,2.810295793482406e+37,1.88995320874371e+35,1.7369339392612834e+36,2.811020483357375e+36,1.1412847635513957e+36,8.815562150450612e+37,5.182423418580158e+36
151,4.484783590978767e+37,2.7910974709254847e+35,2.3616921995796936e+37,2.4490172749641137e+36,2.7089805680633905e+37,1.821551431934314e+35,1.6738244847195266e+36,2.7072808994825895e+36,1.0981765458149265e+36,8.480007326711445e+37,4.9840181177655555e+36
152,4.327030942255199e+37,2.6916076042551505e+35,2.27734909637774e+37,2.361057702808033e+36,2.611500188467859e+37,1.755756913948479e+35,1.6131374377497566e+36,2.6076343973586135e+36,1.0568384360391865e+36,8.158411061127921e+37,4.7939461163744276e+36
153,4.1749851613595086e+37,2.595806622312787e+35,2.196144146218204e+37,2.2764048947241124e+36,2.5176970583691635e+37,1.6924612858209915e+35,1.5547709532775597e+36,2.5119012813257634e+36,1.0171879209135107e+36,7.85011025055882e+37,4.611806021819432e+36
154,4.0284291008006997e+37,2.503548061618153e+35,2.117952008874391e+37,2.194924475477207e+36,2.42742090667937e+37,1.6315612952608503e+35,1.4986280710306324e+36,2.4199109796622493e+36,9.791470022881738e+35,7.554478862990756e+37,4.437219253116373e+36
155,3.8871546037570896e+37,2.4146919126923597e+35,2.0426529375362357e+37,2.1164881980247887e+36,2.340528374217514e+37,1.572958512820365e+35,1.4446164477375194e+36,2.3315014936125352e+36,9.426419074041566e+35,7.270925623446084e+37,4.269828590058654e+36
156,3.7509620738513666e+37,2.329104305675519e+35,1.9701324695264387e+37,2.040973635511603e+36,2.256882643630537e+37,1.5165590698124503e+35,1.3926480928725756e+36,2.2465188956546713e+36,9.076028182284109e+35,6.99889169365242e+37,4.109296676148757e+36
157,3.6196600845339033e+37,2.2466572061528192e+35,1.9002811690394703e+37,1.968263866733826e+36,2.176353107280557e+37,1.462273414950097e+35,1.3426391214450796e+36,2.1648168640194982e+36,8.739636204141381e+35,6.737848515171132e+37,3.955304818782358e+36
158,3.4930649872189493e+37,2.167228131327723e+35,1.8329943749426782e+37,1.8982472019303927e+36,2.098815034599411e+37,1.4100160897008509e+35,1.2945095288667649e+36,2.0862562295029524e+36,8.416616640141527e+35,6.487295942415397e+37,3.807551655361167e+36
159,3.371000565939825e+37,2.090699853334603e+35,1.7681719730136796e+37,1.8308168991353543e+36,2.024149273049029e+37,1.3597055097854943e+35,1.2481829890237007e+36,2.0107045785047484e+36,8.106375561484787e+35,6.246760380449648e+37,3.665752127316467e+36
160,3.2532977025708636e+37,2.0169601502480673e+35,1.705718152927987e+37,1.7658709135848327e+36,1.9522419540855355e+37,1.3112637644643038e+35,1.2035866592709162e+36,1.9380358581971394e+36,7.808349675711915e+35,6.015793079680357e+37,3.529636381454002e+36
161,3.1397940536361593e+37,1.945901570820553e+35,1.6455411987368422e+37,1.7033116624039635e+36,1.8829842210343564e+37,1.2646164171119832e+35,1.1606509962219786e+36,1.8681300188509723e+36,7.52200439890457e+35,5.7939686112549195e+37,3.3989488235495575e+36
162,3.0303337601801285e+37,1.877421190001628e+35,1.5875532993545986e+37,1.6430458118479338e+36,1.8162719788090904e+37,1.2196923379790056e+35,1.1193095843561711e+36,1.80087268342457e+36,7.246832151699321e+35,5.580883543969392e+37,3.2734471713363096e+36
163,2.924767154296685e+37,1.8114204013081654e+35,1.5316703493228909e+37,1.5849840572212736e+36,1.752005661333058e+37,1.1764235282597967e+35,1.079498966013214e+36,1.7361548346467295e+36,6.982350861486681e+35,5.376155040073003e+37,3.152901728119418e+36
164,2.822950487132485e+37,1.7478047094733983e+35,1.477811774400427e+37,1.5290409168143788e+36,1.690090003665909e+37,1.1347449637457119e+35,1.0411585009679699e+36,1.6738725355418756e+36,6.728102354146593e+35,5.179419604407846e+37,3.037094594065984e+36
165,2.72474567645438e+37,1.6864835332577135e+35,1.4259003668554546e+37,1.4751345543562582e+36,1.6304338241291697e+37,1.0945944380504242e+35,1.0042302149822393e+36,1.613926647193546e+36,6.483650980829457e+35,4.990332050474579e+37,2.925818924223059e+36
166,2.630020042564274e+37,1.6273700301799615e+35,1.37586211846835e+37,1.4231866009140205e+36,1.5729498273138484e+37,1.0559124335665163e+35,9.686586673891417e+35,1.556222558424624e+36,6.248582268520404e+35,4.808564332134427e+37,2.818878316416756e+36
167,2.538646079957479e+37,1.5703809195603197e+35,1.3276260807406558e+37,1.3731219816190847e+36,1.5175544171998367e+37,1.0186419937607367e+35,9.343908166067469e+35,1.5006699613112135e+36,6.0225017853603775e+35,4.633804539582747e+37,2.7160862021202073e+36
168,2.450501245748593e+37,1.5154363160968116e+35,1.2811242177658552e+37,1.3248687671331696e+36,1.4641675163983104e+37,9.827285821085792e+34,9.013759145415523e+35,1.4471826210385524e+36,5.8050340043505826e+35,4.465755947069807e+37,2.617265213902247e+36
169,2.365467742385953e+37,1.4624595722800897e+35,1.2362912724534397e+37,1.278358015672128e+36,1.41271240158125e+37,9.4811997083596e+34,8.695653931122352e+35,1.3956781655299446e+36,5.59582126389809e+35,4.304136177998268e+37,2.5222466845026387e+36
170,2.2834323168427483e+37,1.4113771354961812e+35,1.1930646348762054e+37,1.2335236404239108e+36,1.363115537781558e+37,9.147661406005505e+34,8.389127447529127e+35,1.34607788728719e+36,5.394522753653046e+35,4.1486764164312964e+37,2.4308701045676213e+36
171,2.2042860689489564e+37,1.3621184060477288e+35,1.15138422580599e+37,1.1903022737312126e+36,1.315306434415974e+37,8.826191621270444e+34,8.093734317198333e+35,1.2983065461990273e+36,5.20081357083849e+35,3.999120654395034e+37,2.3429827188800924e+36
172,2.1279242708095435e+37,1.3146156083284964e+35,1.1111923813731685e+37,1.1486331428287734e+36,1.2692175031240103e+37,8.51633098925572e+34,7.809047972727211e+35,1.252292200133869e+36,5.0143838557880734e+35,3.855224967992532e+37,2.258439071958222e+36
173,2.0542461878262767e+37,1.2688036658941821e+35,1.0724337454139754e+37,1.1084579453567451e+36,1.2247839217960782e+37,8.217639134115509e+34,7.534659642813033e+35,1.2079660423708124e+36,4.83493798957266e+35,3.716756825709269e+37,2.177100613359444e+36
174,1.9831549151061108e+37,1.2246200805060036e+35,1.0350551693339843e+37,1.0697207391898507e+36,1.1819435067338151e+37,7.929693832451468e+34,7.270177547293093e+35,1.165262247924876e+36,4.6621938397881116e+35,3.5834944695561333e+37,2.0988352931210245e+36
175,1.9145572192830436e+37,1.182004821875157e+35,9.990056123373858e+36,1.0323678364632099e+36,1.1406365930914975e+37,7.652090085046324e+34,7.015226087791018e+35,1.1241178146823222e+36,4.495882055023787e+35,3.4552263404572573e+37,2.0235172081333427e+36
176,1.8483633868965314e+37,1.1409002169200828e+35,9.642360502879938e+36,9.963477005925418e+35,1.1008059205538864e+37,7.3844394416931835e+34,6.769445133175934e+35,1.0844724303867253e+36,4.3357453942636245e+35,3.33175054573462e+37,1.9510262583541687e+36
177,1.7844870892512765e+37,1.101250843098531e+35,9.306993876657178e+36,9.616108541718006e+35,1.0623965242717071e+37,7.126369211384029e+34,6.532489233247987e+35,1.0462683455759953e+36,4.181538083617179e+35,3.212874344723919e+37,1.881247856720266e+36
178,1.7228452402036263e+37,1.0630034382853918e+35,8.983503681545092e+36,9.281097858971547e+35,1.0253556354343868e+37,6.877521712737107e+34,6.304027055150966e+35,1.0094502424002439e+36,4.033025250840619e+35,3.0984136738415087e+37,1.8140726279986184e+36
179,1.6633578547575394e+37,1.0261068073379277e+35,8.671455000788384e+36,8.957988639298707e+35,9.896325820709197e+36,6.637553616310718e+34,6.083740687795995e+35,9.739651236559845e+35,3.889982349861093e+35,2.9881926766635376e+37,1.7493961388883356e+36
180,1.6059479358639804e+37,9.905117333598855e+34,8.370429816736142e+36,8.646342559197436e+35,9.551786961117035e+36,6.406135296433387e+34,5.8713250188905846e+35,9.397622004247016e+35,3.75219464633972e+35,2.8820433079978815e+37,1.6871186365786214e+36
181,1.5505413519607773e+37,9.561708944546123e+34,8.080026278036235e+36,8.34573845351649e+35,9.219472275436704e+36,6.182950209319492e+34,5.666487168153162e+35,9.067927874449687e+35,3.619456710591731e+35,2.7798049182498587e+37,1.62714480354708e+36
182,1.4970667235274906e+37,9.23038784311561e+34,7.799858019231935e+36,8.055771582633265e+35,8.89893258466166e+36,5.967694305691437e+34,5.468945938747484e+35,8.750102079277611e+35,3.491571989163841e+35,2.6813238844619876e+37,1.5693835402146757e+36
183,1.4454553164838437e+37,8.910716356848412e+34,7.529553507381371e+36,7.7760529648235e+35,8.589736237003272e+36,5.760075478967243e+34,5.278431281065795e+35,8.443696991459165e+35,3.368352362406036e+35,2.5864532407821526e+37,1.5137477426214634e+36
184,1.3956409287092667e+37,8.602273472295632e+34,7.268755425992108e+36,7.506208686057121e+35,8.291468386519296e+36,5.559813105650492e+34,5.094683798248173e+35,8.148283224613757e+35,3.249617700440308e+35,2.495052373817992e+37,1.4601541009218807e+36
185,1.3475597967694252e+37,8.3046541547797e+34,7.017120066484709e+36,7.245879261298404e+35,8.003730261334411e+36,5.366637531921961e+34,4.91745427708825e+35,7.863448792549624e+35,3.1351955013975577e+35,2.4069867184176146e+37,1.408522903790619e+36
186,1.3011505023442159e+37,8.017468679790137e+34,6.774316775087373e+36,6.994719026226955e+35,7.726138482973693e+36,5.180289594588205e+34,4.746503301152052e+35,7.5887983395226e+35,3.0249205386965475e+35,2.322127426586332e+37,1.3587778851453822e+36
187,1.2563538807449805e+37,7.740342032679529e+34,6.540027408439453e+36,6.75239556316116e+35,7.458324411404398e+36,5.000520174232389e+34,4.5816008049380204e+35,7.323952376788e+35,2.918634484348289e+35,2.2403511054097493e+37,1.3108460375192562e+36
188,1.2131129269500637e+37,7.472913324633252e+34,6.313945831362119e+36,6.518589133869336e+35,7.199933521917483e+36,4.827089774154679e+34,4.422525668208827e+35,7.0685465937858e+35,2.8161855886208114e+35,2.1615395777927884e+37,1.2646574444744768e+36
189,1.1713727162491514e+37,7.214835162248162e+34,6.095777450843868e+36,6.2929921582744835e+35,6.950624826067517e+36,4.659768094619806e+34,4.269065335894336e+35,6.822231183456025e+35,2.717428372804435e+35,2.0855796041123598e+37,1.2201451525308037e+36
190,1.1310803265957867e+37,6.965773125314609e+34,5.885238708437666e+36,6.0753087133009775e+35,6.710070305760574e+36,4.498333619410976e+34,4.1210154598387216e+35,6.584670193941881e+35,2.62222334610624e+35,2.0123626526698602e+37,1.1772450232455717e+36
191,1.0921847559345897e+37,6.725405266751944e+34,5.682056631348531e+36,5.865254049590889e+35,6.4779543779173e+36,4.342573316435215e+34,3.978179527188333e+35,6.3555409376738484e+35,2.530436709351139e+35,1.9417846779714342e+37,1.1358955868081866e+36
192,1.0546368514920876e+37,6.493421594687901e+34,5.485968436742139e+36,5.662554162086417e+35,6.253973379411281e+36,4.192282262374668e+34,3.8403685220879746e+35,6.134533391414403e+35,2.441940123056511e+35,1.8737459225829226e+37,1.0960379242318135e+36
193,1.0183892405428189e+37,6.269523630648643e+34,5.296721107165624e+36,5.466945343287796e+35,6.037835101693705e+36,4.0472633047626063e+34,3.7074006663797214e+35,5.9213496284079395e+35,2.356610444602957e+35,1.8081506986863202e+37,1.0576155475919439e+36
194,9.833962595571199e+36,6.0534239072707455e+34,5.1140710228137336e+36,5.278173729675243e+35,5.829258311965512e+36,3.9073267444022387e+34,3.579101096133496e+35,5.715703333751258e+35,2.274329489166149e+35,1.7449072278108057e+37,1.0205742856974824e+36
195,9.496138920946654e+36,5.844845551827835e+34,4.9377835666086026e+36,5.0959949416579216e+35,5.627972287516054e+36,3.7722900271773284e+34,3.455301575549497e+35,5.517319300431738e+35,2.194983808544893e+35,1.683927453888761e+37,9.848621765383588e+35
196,9.169997049874771e+36,5.643521878221388e+34,4.7676327670060134e+36,4.9201736976000615e+35,5.433716419017996e+36,3.6419774316113857e+34,3.335840226710241e+35,5.32593295355828e+35,2.118464481219169e+35,1.625126867078672e+37,9.50429377418963e+35
197,8.855127885093723e+36,5.449196004813857e+34,4.6034009699388247e+36,4.7504834499212725e+35,5.246239801629194e+36,3.516219829858885e+34,3.2205612622485453e+35,5.141289902888959e+35,2.0446669051166907e+35,1.568424347957269e+37,9.172280574765561e+35
198,8.551136995876327e+36,5.261620441547615e+34,4.444878525876795e+36,4.586706051793058e+35,5.065300842798962e+36,3.3948544104985686e+34,3.1093147253854222e+35,4.963145516708766e+35,1.973490606745751e+35,1.5137420148151865e+37,8.852123097229848e+35
199,8.257644074596571e+36,5.080556731888296e+34,4.2918634610337426e+36,4.428631392744262e+35,4.8906669071074153e+36,3.277724424756978e+34,3.001956285496037e+35,4.7912645092243935e+35,1.9048390608007734e+35,1.4610050765360265e+37,8.543380632979211e+35
